781,5
781,4
781,3
781,2
781,1
781,0
780,5
780,4
780,3
780,2
780,1
780,0
779,4
779,3
779,2
779,1
779,0
778,4
778,3
778,2
778,1
778,0
777,4
777,3
777,2
777,1
777,0
776,4
776,3
776,2
776,1
776,0
775,4
775,3
775,2
775,1
775,0
774,4
774,3
774,2
774,1
774,0
773,5
773,4
773,3
773,2
773,1
773,0
772,5
772,4
772,3
772,2
772,1
772,0
771,6
771,5
771,4
771,3
771,2
771,1
771,0
770,4
770,3
770,2
770,1
770,0
769,4
769,3
769,2
769,1
769,0
768,4
768,3
768,2
768,1
768,0
767,4
767,3
767,2
767,1
767,0
638,15
766,5
766,4
766,3
766,2
766,1
766,0
765,5
765,4
765,3
765,2
765,1
765,0
764,4
764,3
764,2
764,1
764,0
763,4
763,3
763,2
763,1
763,0
762,4
762,3
762,2
762,1
762,0
761,4
761,3
761,2
761,1
761,0
760,4
760,3
760,2
760,1
760,0
759,4
759,3
759,2
759,1
759,0
758,5
758,4
758,3
758,2
758,1
758,0
757,5
757,4
757,3
757,2
757,1
757,0
756,6
756,5
756,4
756,3
756,2
756,1
756,0
755,4
755,3
755,2
755,1
755,0
754,4
754,3
754,2
754,1
754,0
753,4
753,3
753,2
753,1
753,0
752,4
752,3
752,2
752,1
752,0
638,14
751,5
751,4
751,3
751,2
751,1
751,0
750,5
750,4
750,3
750,2
750,1
750,0
749,4
749,3
749,2
749,1
749,0
748,4
748,3
748,2
748,1
748,0
747,4
747,3
747,2
747,1
747,0
746,4
746,3
746,2
746,1
746,0
745,4
745,3
745,2
745,1
745,0
744,4
744,3
744,2
744,1
744,0
743,5
743,4
743,3
743,2
743,1
743,0
742,5
742,4
742,3
742,2
742,1
742,0
741,6
741,5
741,4
741,3
741,2
741,1
741,0
740,4
740,3
740,2
740,1
740,0
739,4
739,3
739,2
739,1
739,0
738,4
738,3
738,2
738,1
738,0
737,4
737,3
737,2
737,1
737,0
638,13
667,3
667,2
667,1
667,0
666,3
666,2
666,1
666,0
646,3
646,2
646,1
646,0
644,3
644,2
644,1
644,0
643,3
643,2
643,1
643,0
638,8
638,7
638,6
638,5
638,4
638,3
4,3
4,2
4,1
4,0
3,6
3,5
3,4
3,3
3,2
3,1
3,0
2,1
1,2
1,1
1,0
638,1
735,4
735,3
735,2
735,1
734,4
734,3
734,2
734,1
733,4
733,3
733,2
733,1
732,4
732,3
732,2
732,1
731,5
731,4
731,3
731,2
731,1
729,4
729,3
729,2
729,1
728,4
728,3
728,2
728,1
727,4
727,3
727,2
727,1
726,4
726,3
726,2
726,1
725,4
725,3
725,2
725,1
724,4
724,3
724,2
724,1
723,5
723,4
723,3
723,2
723,1
721,6
721,5
721,4
721,3
721,2
721,1
638,12
638,11
638,10
638,9
638,2
638,0
2,5
2,4
2,3
2,2
2,0
1,3
0,314
0,243
0,9
0,0
0,1
0,300
0,299
0,298
0,297
0,296
0,295
0,294
0,293
0,292
0,291
0,290
0,289
0,288
0,287
0,286
0,285
0,284
0,283
0,282
0,281
0,280
0,279
0,278
0,277
0,276
0,275
0,274
0,273
0,272
0,271
0,270
0,269
0,268
0,267
0,266
0,265
0,264
0,263
0,262
0,261
0,260
0,259
0,258
0,257
0,256
0,255
0,254
0,253
0,252
0,251
0,250
0,249
0,248
0,247
0,246
0,245
0,244
0,242
0,241
0,240
0,239
0,238
0,237
0,236
0,235
0,234
0,233
0,232
0,231
0,230
0,229
0,228
0,227
0,226
0,225
0,224
0,223
0,222
0,221
0,220
0,219
0,218
0,217
0,216
0,215
0,214
0,213
0,212
0,211
0,210
0,209
0,208
0,207
0,206
0,205
0,204
0,203
0,202
0,201
0,200
0,199
0,198
0,197
0,196
0,195
0,194
0,193
0,192
0,63
0,62
0,61
0,60
0,59
0,58
0,57
0,56
0,55
0,54
0,53
0,52
0,51
0,50
0,49
0,48
0,47
0,46
0,45
0,6
0,5
0,304
0,303
0,306
0,305
0,302
0,12
0,313
0,10
0,8
0,11
0,4
0,2
0,3
0,7
735,0
734,0
733,0
732,0
731,0
729,0
728,0
727,0
726,0
725,0
724,0
723,0
721,0
